=~=~=~=~=~=~=~=~=~=~=~= PuTTY log 2020.07.19 18:43:40 =~=~=~=~=~=~=~=~=~=~=~=
-28
-2017
-64
11
1
-10
-72
720
-15696
4752

-22
-2009
-64
2
254
-6
-72
576
-15648
5744

-25
-2016
-66
10
-1
-10
-72
320
-15472
6960

-21
-2010
-58
5
-4
-8
-73
400
-15488
5472

-32
-2019
-73
8
1
-8
-72
272
-15424
5584

-28
-2012
-61
3
1
-8
-73
240
-15520
5840

-25
-2016
-64
10
-1
-8
-73
496
-15392
4864

-28
-2015
-59
10
1
-6
-72
160
-15568
5632

-29
-2017
-68
7
0
-5
-73
272
-15600
5840

51
-2016
-66
-28
-309
-29
-72
672
-15488
5152

-155
-1976
-49
20
-1
-8
-72
1632
-15600
5680

325
-1886
-192
-231
198
55
-72
192
-16320
6992

197
-2137
-368
-146
40
-34
-72
-352
-13488
8240

-356
-2083
308
41
217
-25
-72
-2736
-15904
2096

-133
-2021
108
67
100
-54
-72
-2496
-16160
3680

-208
-1968
-452
-211
94
-18
-72
-784
-14656
9680

-290
-1933
-610
57
5
-38
-71
272
-14320
10368

-184
-1976
-482
-325
56
48
-72
16
-14256
8608

8
-2047
-114
118
-73
51
-71
-352
-15824
5216

-99
-2048
520
291
29
-66
-72
1632
-17840
240

-7
-2166
-252
-143
-67
78
-72
-576
-13808
5184

94
-1893
95
106
-86
-49
-72
-672
-17872
4416

216
-2158
-787
202
-208
11
-72
-224
-12144
10464

52
-2137
-839
-155
142
66
-73
-320
-11072
11104

15
-1904
-417
-160
20
70
-73
1360
-15424
7872

139
-2061
-338
61
-44
7
-73
-1184
-14192
7824

-39
-2098
258
136
-10
-100
-72
-144
-16032
3104

371
-1751
533
-346
145
-54
-73
1280
-17392
-704

-121
-1927
254
102
102
11
-71
32
-15504
3824

-80
-2005
-186
14
-104
173
-70
-176
-14816
6928

-54
-1982
-901
-63
148
46
-71
368
-12752
11712

-44
-1934
-723
5
93
-13
-71
160
-14176
9760

-103
-2006
-635
-104
-37
-72
-72
-80
-12592
9504

-203
-2059
-79
228
-45
118
-71
-32
-15472
5568

-57
-1953
870
372
74
-66
-70
1152
-19344
-1984

-157
-2076
269
-342
-95
60
-73
320
-15936
3728

-191
-2021
-124
53
-91
-104
-71
-32
-15984
6080

-492
-1793
-565
21
105
-31
-71
2512
-14032
8800

-368
-1953
-881
110
-126
-85
-72
2384
-13584
11392

-55
-2010
-538
-76
-94
11
-72
544
-14368
9072

-89
-2042
-175
71
-118
-114
-73
640
-15072
5728

-133
-2088
463
96
197
14
-72
256
-16800
1504

-20
-2052
508
-261
0
-23
-71
-1488
-16848
2032

-160
-2090
59
166
-141
99
-71
1536
-15200
3744

-90
-2017
-501
-112
-154
-2
-71
-1088
-13968
9104

112
-1932
-605
148
122
-9
-72
720
-15264
9648

57
-2018
-715
-28
-25
17
-72
496
-13472
11040

74
-1804
-379
31
-93
-67
-72
112
-14320
7456

2
-2036
390
-10
200
-19
-72
144
-17632
2080

297
-1894
428
37
171
-9
-71
-944
-18160
1600

-87
-2067
49
-13
-35
106
-71
928
-14896
4048

190
-1958
-179
43
-100
-14
-71
784
-16128
7568

132
-2010
-975
-121
-180
31
-72
624
-12528
12768

0
-1964
-869
108
-21
-48
-72
16
-12880
11024

-73
-1985
-665
-98
23
-9
-71
1712
-12880
9424

-14
-1997
32
182
53
59
-71
864
-16096
4112

-13
-2057
624
289
177
-38
-71
-1536
-17472
-352

-164
-2018
489
-291
-111
1
-71
-1040
-16944
2736

-80
-2066
-54
72
-158
-65
-72
1072
-15008
5216

-129
-1960
-634
-65
-30
38
-72
-144
-14016
10080

-412
-2066
-716
-109
89
-1
-71
-1712
-12304
9760

-22
-1954
-552
10
12
-14
-71
96
-14768
8944

-20
-2036
-148
199
-41
30
-71
256
-15376
5920

151
-2052
621
32
167
3
-71
2560
-16032
176

-219
-1983
707
-106
14
19
-71
48
-18544
-160

-221
-1988
224
72
-12
-26
-72
1040
-16272
3744

-202
-1902
-306
-77
105
31
-70
2496
-15136
6912

-361
-2061
-1145
-251
6
49
-71
1824
-9312
12368

68
-1810
-304
72
62
-11
-71
-752
-16608
7184

-86
-2028
-307
184
-56
-30
-71
1344
-14624
6544

-77
-2023
528
47
90
13
-71
1040
-17024
1712

260
-1745
858
-232
165
65
-70
1488
-19648
-1856

-42
-2074
191
155
0
-19
-71
-144
-15456
4384

-6
-1933
-225
-69
-21
42
-71
784
-14960
5600

54
-2043
-917
-148
108
34
-72
-976
-12848
11728

-17
-1917
-787
149
-21
-26
-70
-352
-14256
10528

-62
-2110
-527
-94
-144
-6
-71
784
-13328
8416

-6
-1907
481
186
109
80
-71
1456
-17904
464

-22
-1662
579
-67
218
43
-71
720
-20112
1136

145
-2154
132
85
21
26
-70
144
-14688
3280

362
-1911
-254
64
-27
-24
-71
-1792
-15232
6560

27
-2057
-1043
-186
-63
-58
-71
-528
-12704
12656

-145
-1864
-560
27
77
-42
-72
-688
-15680
9344

-208
-2065
-532
-18
-117
-43
-70
-1344
-13328
8848

58
-1963
406
264
-157
51
-70
992
-17760
1168

178
-2224
910
79
286
-45
-70
-1088
-17440
-1456

3
-2266
202
53
-71
155
-71
272
-14656
3056

-12
-1812
107
-22
50
27
-70
1952
-16880
4176

274
-2067
-919
-291
-82
218
-72
1056
-14176
12272

80
-1966
-812
236
-13
-46
-71
-432
-13568
10704

-30
-2077
-550
-107
-27
-20
-71
304
-13552
9200

45
-2036
109
187
-34
50
-72
256
-16592
4512

264
-2142
657
71
212
27
-71
864
-16480
496

-91
-2084
445
-150
-7
38
-71
-1008
-16688
3232

119
-1967
92
255
-215
-142
-71
576
-16816
4304

-47
-1670
-443
-174
-82
-83
-71
608
-16800
9584

-74
-2380
-1176
-126
-229
-78
-72
-816
-7008
13136

-14
-1826
-351
-178
64
15
-71
16
-16480
9312

-24
-2122
-392
141
-173
5
-71
256
-12672
7536

-57
-2070
818
217
139
-87
-71
160
-17392
-624

-185
-2089
340
-516
-17
-179
-71
-944
-16144
2480

49
-2140
115
186
79
68
-71
1040
-15264
4240

199
-2007
-682
27
-122
91
-72
-1632
-13728
10368

115
-2078
-874
-161
-10
42
-70
752
-12448
11360

45
-1804
-539
-37
24
10
-71
-672
-15536
9360

124
-2202
-479
173
-152
253
-72
-1008
-13104
9008

92
-1929
750
150
110
-16
-71
-688
-18288
-1664

-217
-2256
793
-406
225
-27
-72
-3920
-16560
-1520

-152
-2113
182
246
5
10
-71
-3728
-15216
4368

67
-1878
-145
-20
-275
-55
-71
-848
-15760
6784

1128
-2139
-1152
-558
370
69
-71
-2752
-9280
13824

138
-1791
-511
321
97
-104
-71
368
-16528
8368

-236
-2195
-727
-216
-110
8
-70
2160
-11632
11392

349
-2279
611
403
88
-24
-71
1072
-17376
784

126
-2031
-76
-490
6
-18
-71
-1968
-15344
5776

57
-1991
-107
164
21
57
-71
-432
-15664
6352

-89
-2001
-123
57
5
-22
-71
1040
-15456
5536

-36
-2006
-73
62
2
-14
-71
0
-15808
5504

-1
-2033
-173
-9
13
19
-71
384
-15024
6000

52
-1998
-67
116
12
3
-71
-240
-15936
5488

-3
-2058
-195
-26
1
-12
-70
-128
-14720
6544

27
-2046
-149
33
-3
-8
-71
-96
-15216
6368

15
-2059
-172
-40
-2
-4
-71
-192
-14592
6240

33
-2013
-88
46
4
-40
-71
-304
-15488
5456

-14
-2044
-162
-19
-6
8
-72
512
-15072
6080

-6
-2018
-108
4
-1
-3
-71
-80
-15376
5600

21
-2012
-78
41
2
-20
-70
-208
-15568
5616

-16
-2027
-120
-10
-1
-23
-71
224
-15328
6080

-14
-2016
-103
-1
-1
-20
-71
112
-15440
5456

-20
-2008
-85
22
-255
-4
-71
192
-15728
5920

-24
-2024
-117
-12
-3
-5
-71
272
-15264
5648

-35
-2018
-83
6
-1
-5
-72
464
-15808
5888

-9
-2033
-112
15
1
-5
-71
208
-15424
5904

-22
-2015
-93
-15
-1
-16
-72
432
-15520
6032

-49
-2004
-60
-2
3
-1
-71
640
-15808
5488

-19
-2031
-125
42
-2
9
-71
128
-15168
6112

-13
-2027
-98
-15
-10
-3
-70
256
-15456
5920

-33
-2023
-99
26
-1
-5
-71
528
-15504
5008

-34
-2036
-105
7
0
-8
-70
448
-15552
5776

-12
-2023
-84
18
-2
-17
-71
-64
-15520
5552

-20
-2017
-100
11
-4
-17
-70
112
-15632
5728

9
-2015
-111
1
1
-14
-70
-128
-15488
6432

16
-2008
-92
7
0
1
-70
16
-15600
5920

18
-2033
-110
15
0
-11
-72
160
-15456
5984

-19
-2008
-101
0
-5
-18
-71
16
-15536
6544

-56
-1983
-46
-75
-164
12
-71
640
-16032
5104

-24
-2060
-226
-51
-16
-7
-70
720
-14608
6768

-34
-2017
-119
53
0
5
-72
160
-15456
6128

-36
-2065
-153
91
-3
48
-71
192
-15168
6368

-65
-2030
-109
163
-10
-3
-71
448
-15232
6080

35
-1880
129
-35
3
34
-71
-64
-16608
3632

-82
-2054
-118
-35
6
14
-72
752
-15216
6976

-86
-2024
-89
75
-3
-15
-71
960
-15472
5808

-15
-1937
48
-5
0
6
-71
272
-16208
4784

-59
-2021
-91
-9
0
-1
-71
448
-15200
4992

-41
-2045
-92
40
0
-21
-71
800
-15392
4704

-22
-2011
-46
-21
0
-3
-71
-64
-15664
5344

-23
-2027
-83
9
2
-9
-71
288
-15440
5696

-23
-2000
-43
21
-1
-14
-72
368
-15616
5328

-26
-2025
-71
0
-1
-4
-70
400
-15536
6208

-