=~=~=~=~=~=~=~=~=~=~=~= PuTTY log 2020.07.19 18:40:40 =~=~=~=~=~=~=~=~=~=~=~=
-22
-2027
-83
9
-4
-7
-73
1856
-16336
1472

-28
-2010
-79
11
0
-8
-74
1920
-16208
576

-44
-2016
-75
5
-2
-8
-73
1936
-16384
2176

-45
-2021
-63
11
-3
-10
-73
1904
-16032
608

-26
-2016
-80
7
-2
-8
-73
2000
-16224
992

-23
-2018
-73
11
-1
-9
-73
1744
-16464
1600

-42
-2033
-80
5
-3
-9
-73
1744
-16176
1232

-34
-2031
-73
10
-3
-9
-73
1792
-16240
2128

-28
-2014
-73
18
-1
-12
-73
2112
-16384
1120

-11
-2026
-50
-7
5
-5
-73
1840
-16400
1472

20
-2057
-101
9
-16
-1
-74
1808
-16448
624

-83
-2034
-76
10
-66
-12
-74
1808
-16496
1456

703
-2002
-69
-93
-850
-25
-73
5184
-15936
288

324
-2014
87
-144
186
-33
-73
4976
-16528
-272

436
-2234
-46
129
528
50
-73
4752
-16912
-2560

59
-1938
-57
-30
406
41
-73
2896
-16592
1104

-200
-1997
-387
52
265
23
-73
2064
-15632
3136

-275
-2163
-492
-1
37
-50
-72
-2496
-16384
1840

-45
-1949
-425
-214
39
-35
-73
-1152
-16656
1024

-94
-2086
-510
6
34
-43
-72
-1504
-16224
2384

64
-2010
250
39
100
-4
-73
3952
-16768
-416

-56
-1869
455
48
-14
-3
-72
5520
-16352
1392

-69
-2070
-382
-21
75
30
-72
112
-15504
2944

-9
-2010
301
-25
109
-24
-72
4528
-15680
1536

67
-1837
22
-36
275
12
-73
2752
-16496
1296

-99
-1896
-448
92
69
34
-73
-304
-15808
2496

69
-2000
-379
114
-49
-11
-72
384
-16416
1760

-122
-2208
-528
326
-134
-48
-72
-2368
-16624
2432

70
-2024
-541
-306
-66
37
-73
-1952
-16800
1680

-70
-1972
-225
47
3
-13
-73
1600
-15776
2464

154
-2116
92
154
-122
53
-72
3680
-16160
-144

117
-2013
312
-170
45
31
-72
5232
-16560
256

182
-2090
15
46
-45
-24
-72
5104
-16560
432

203
-2032
184
85
-18
38
-73
3120
-16416
-832

-36
-2068
-499
-51
-113
7
-72
4432
-16000
2432

-54
-1940
-508
-17
31
-3
-73
-608
-16512
1456

-35
-2195
-486
254
-31
18
-73
-1216
-16464
2064

20
-1860
-316
-194
-46
-2
-73
80
-16864
1456

-55
-2026
-582
22
-51
9
-73
-1936
-16544
3168

138
-2038
-115
-81
-135
-8
-72
1712
-16640
320

165
-1936
333
-27
74
15
-74
5424
-16432
-144

38
-1846
172
26
4
35
-74
4096
-16928
832

106
-2100
273
187
-50
-24
-73
4880
-16624
448

39
-1962
139
47
33
87
-73
3904
-16432
1152

-101
-2066
-769
10
43
-8
-73
-3760
-16448
2192

95
-1931
-728
20
-8
-10
-72
-3408
-16960
1056

-67
-1864
-383
119
-75
-26
-73
-560
-16288
1312

-175
-2149
-837
-218
-65
-74
-73
-4512
-16032
3008

-370
-1982
-95
119
-189
-23
-72
2176
-14672
4928

264
-1987
427
129
4
-4
-73
6944
-16000
816

-59
-1947
256
-154
-14
30
-72
4656
-16016
1520

54
-2105
260
296
-157
-13
-73
3936
-16272
416

21
-1996
-34
-1
0
32
-73
2464
-16464
944

-108
-1896
-190
73
100
14
-73
784
-15920
2288

-19
-2025
-652
-66
59
-3
-73
-2576
-16384
1472

-255
-2065
-427
-6
-1
5
-72
-992
-16080
2768

-7
-1791
-244
-145
-61
-41
-72
704
-16544
2144

4
-2083
-636
24
-4
-116
-71
672
-16848
1728

117
-2028
81
157
-126
-59
-72
-2352
-16192
1472

16
-2002
516
-37
100
-32
-73
4368
-16096
1424

-130
-2190
119
-184
-44
-44
-72
2544
-15632
2128

151
-2023
237
176
-92
43
-73
5200
-16016
528

144
-1978
-163
-22
46
97
-72
976
-16736
432

-36
-1992
-595
48
73
41
-72
-2368
-16912
1104

-308
-2192
-806
-111
-91
83
-72
-4912
-15248
3280

-14
-1840
-288
-30
-25
41
-74
0
-16832
1616

-21
-2083
-499
107
-111
-45
-71
-1488
-16720
1312

-164
-1941
5
-7
93
-256
-72
2560
-16048
2016

-60
-1994
652
223
98
29
-72
7296
-15536
848

-129
-2232
43
-350
-76
-70
-72
2576
-16016
720

-22
-1944
147
190
-150
7
-72
3344
-16384
1728

-17
-1807
-35
-33
57
132
-72
1968
-16976
1632

-128
-1890
-583
-57
259
52
-72
-2176
-15584
3696

-206
-2167
-600
51
15
-17
-72
-3120
-15920
2352

-196
-1977
-430
-79
13
76
-72
-1456
-16192
3712

140
-2025
-438
32
-219
-72
-71
-1008
-17120
1088

79
-2008
185
50
-47
6
-72
-992
-15552
320

-42
-2119
560
188
63
11
-72
5088
-15936
176

206
-2170
148
-272
58
72
-72
6176
-16624
1712

57
-1982
49
17
7
-23
-73
3728
-16640
-176

-157
-2017
-528
0
-27
20
-72
2896
-15936
1744

-130
-2025
-759
-31
53
2
-72
-3344
-16160
2928

-51
-1984
-546
96
28
-26
-72
-1728
-16896
1872

-118
-2068
-567
-27
-16
13
-73
-3024
-16448
2016

15
-1984
247
-18
-180
19
-72
3120
-16496
1152

142
-2066
323
-60
150
88
-72
5168
-16544
720

227
-1858
568
-65
338
61
-72
6944
-16240
-1152

43
-2071
88
61
50
-76
-72
3296
-16416
912

-67
-1934
-10
-103
20
52
-72
2272
-16080
2208

42
-2023
-850
110
-71
97
-73
-4224
-16640
2448

-273
-2106
-540
-3
154
90
-72
-3344
-16656
2336

40
-1812
-485
186
106
-61
-71
-864
-16592
1920

-142
-2002
-540
-17
-75
-35
-72
-2400
-16352
2704

33
-2062
80
211
-109
-88
-72
3120
-16288
2288

5
-1935
631
69
89
-88
-72
7488
-15712
672

84
-1995
431
-409
13
111
-72
6032
-16304
240

-52
-2114
91
220
-84
-23
-72
6384
-16512
1376

19
-2031
-158
-249
53
2
-72
3136
-16528
-64

113
-1756
-590
18
166
59
-72
1792
-14768
3376

-294
-2194
-782
-71
-13
25
-72
-608
-14784
3984

-20
-1819
-298
-38
0
25
-73
304
-16688
736

-85
-2068
-471
55
-44
-63
-73
-1120
-16176
1312

-95
-1961
154
139
-12
50
-72
4448
-15296
1984

76
-2020
766
159
26
6
-72
8672
-15600
496

-131
-2250
162
-248
-68
25
-73
3376
-16128
1840

7
-1866
262
24
-58
-13
-73
4944
-16304
1536

64
-1970
-632
35
-24
60
-73
-2224
-16528
1344

15
-1978
-735
13
56
1
-74
-2464
-16688
1552

128
-1945
-680
194
0
-33
-73
-2080
-17120
1536

-154
-2008
-577
-183
-60
-8
-72
-2304
-16880
2736

-1
-1980
-236
259
-182
-39
-72
976
-16768
768

194
-2027
367
28
40
-99
-74
5760
-16512
-64

266
-1667
531
31
83
-37
-72
7952
-15792
-800

18
-2081
217
-280
61
-7
-73
3920
-15968
432

-122
-2170
-237
198
-120
-48
-72
-16
-16528
400

-155
-1751
-121
-23
169
41
-73
2304
-15920
3120

-196
-2035
-1136
-86
104
67
-72
-6112
-15504
3424

47
-1818
-431
-82
86
-4
-73
-5536
-16720
1312

-91
-2071
-576
137
-109
-42
-73
-352
-16352
1600

41
-2062
73
149
-141
33
-72
-1952
-16144
368

73
-2011
654
52
19
-30
-72
7936
-15936
-784

-5
-2115
427
-150
9
62
-72
5600
-16080
992

-73
-2080
184
106
-65
-29
-72
3664
-15968
1392

106
-1994
-114
-6
14
39
-73
1728
-16816
-800

32
-1997
-742
-194
-5
15
-72
-3824
-17184
1664

-367
-1975
-943
127
-275
55
-72
-4448
-14512
4864

24
-2009
-576
43
196
-66
-72
-2336
-16720
2016

-128
-2146
-351
358
-82
-36
-72
-944
-16288
1776

21
-1931
493
76
-105
23
-72
7536
-15840
1408

362
-1647
596
-97
104
-85
-71
9392
-15936
-1376

-84
-2100
82
-116
-69
51
-72
3440
-15600
1808

135
-1945
-44
25
-42
-13
-72
2192
-16608
768

-111
-1873
-607
-162
15
-18
-72
-2896
-17040
1648

-354
-2223
-787
-12
-6
-27
-73
-2784
-15568
1344

-18
-1938
-364
-117
106
6
-73
-4400
-16112
1056

-58
-2005
-317
171
-11
43
-72
-480
-16304
1200

-182
-1973
147
32
-32
-3
-72
2896
-15984
2016

28
-1986
665
262
-6
-24
-72
8000
-15616
1232

-50
-2073
348
-391
57
108
-73
4752
-15824
1808

46
-2196
-60
227
9
148
-72
2256
-16064
832

125
-2051
-242
60
-141
179
-72
832
-16944
688

28
-1877
-451
-120
-23
82
-72
-1296
-17312
1072

-355
-2159
-530
27
5
28
-72
-1968
-15584
3232

-262
-1898
-198
-45
-29
1
-72
288
-15648
3184

-252
-2050
-533
30
-205
-6
-71
-1728
-16080
2624

517
-1943
346
168
118
80
-72
6848
-15328
1600

-44
-1799
364
-82
25
110
-73
6272
-15376
1968

-93
-2252
-105
74
-30
50
-72
864
-16208
1504

-119
-1752
-47
-409
-165
115
-72
2736
-15392
2816

346
-2030
-345
173
82
52
-72
-1184
-17504
-1872

-39
-1861
218
230
17
-96
-72
-1088
-16064
0

38
-2069
-239
-220
7
-11
-73
4832
-16640
1712

10
-2021
-132
154
11
-3
-71
512
-16224
1584

51
-2009
-116
-44
-19
19
-72
1696
-16336
1504

16
-2058
-207
32
-2
-26
-72
992
-16544
1584

-20
-1999
-90
25
2
-32
-72
1744
-16016
752

-59
-2011
-124
-19
-26
21
-72
1328
-16288
896

38
-2029
-151
-1
14
18
-72
1232
-16336
1136

-10
-2029
-141
1
12
-12
-71
1376
-16192
1440

-20
-2014
-128
24
0
-11
-72
1552
-16384
976

-26
-1999
-100
-14
4
-17
-72
1888
-16144
816

-39
-2033
-118
23
255
-8
-72
1504
-16352
2288

-21
-2018
-148
12
1
-5
-71
1424
-16352
944

-20
-2004
-104
21
-1
-7
-72
1568
-16400
2240

-26
-2025
-148
4
1
-8
-72
1200
-16288
2352

-14
-2008
-106
8
-3
3
-73
2080
-16352
1024

-2
-2034
-157
5
0
-3
-71
1008
-16384
2432

-13
-2019
-122
3
0
-20
-72
1216
-16240
1616

-32
-2016
-111
2
0
-15
-72
1376
-16256
2000

-44
-2019
-134
5
0
-2
-71
1264
-16208
1968

-21
-2005
-123
12
0
-6
-72
1968
-16464
560

-18
-2024
-138
7
2
-4
-72
1248
-16272
496

-13
-2010
-136
9
-3
-11
-71
1088
-16224
1264

-18
-2023
-138
15
-3
-9
-73
1056
-16272
1584

-13
-2022
-132
-1
-2
-8
-72
1088
-16128
1312

-12
-2028
-140
1
-1
-17
-71
1296
-16384
1696

-54
-2036
-153
18
0
-16
-73
1536
-16480
1728

-27
-2030
-122
5
-2
1
-72
1504
-16320
1760

-14
-2013
-140
16
-1
-2
-72
1312
-16336
1520

-13
-2018
-139
6
1
-9
-73
1504
-16320
416

-22
-2015
-137
15
1
-12
-73
1424
-16192
1344

-25
-2011
-127
8
0
-6
-73
1360
-16272
1792

-28
-2009
-131
10
-2
-8
-72
1536
-16272
1552

-23
-2012
-140
9
2
-12
-72
1264
-16128
1056

-23
-2008
-150
5
0
-10
-71
1376
-16192
1504

-21
-2007
-137
6
0
-13
-73
1392
-16240
1488

-32
-2017
-142
17
1
-18
-73
1296
-16256
1952

-28
-2020
-134
6
0
-7
-72
1648
-16208
1344

-15
-2020
-134
13
0
-4
-71
1392
-16288
1760

-16
-2016
-128
7
0
-7
-73
1344
-16192
1232

-19
-2014
-133
9
255
-10
-72
1248
-16288
1216

-21
-2018
-136
4
0
-13
-72
1328
-16320
2160

-29
-2029
-133
0
0
-7
-71
1536
-16208
1600

-25
-2024
-129
16
-2
-5
-72
1328
-16304
1232

-17
-2006
-123
-1
-1
-4
-72
1392
-16240
1600

-21
-2023
-148
4
1
-15
-72
1664
-16368
1680

-27
-2025
-135
-4
-1
-7
-71
1552
-16096
1104

-26
-2011
-137
14
-1
-5
-73
784
-16288
2208

-17
-2025
-137
7
0
-11
-72
1392
-16304
2080

-22
-2005
-128
4
0
-6
-72
1424
-16224
2080

-24
-2005
-124
-1
-1
-1
-71
1360
-16240
1312

-23
-2014
-137
13
-1
-7
-72
1136
-16384
656

-24
-2023
-142
4
-2
-11
-72
1328
-16240
1456

-19
-2013
-132
8
1
-9
-71
1440
-16304
304

-9
-2024
-133
9
-2
-9
-72
1568
-16256
1504

-